[[275 334 -90 -599 171 124 -28 417 23 119 263 52 163 225 49 -343 203 -283 357 -364 -634 -217 296 -152 64 14 254 163 59 -24 ]
[96 878 -352 -728 -138 362 -254 -332 -299 33 138 -185 187 102 19 9 -269 -180 41 -186 242 -415 383 -567 105 -148 -267 546 266 -35 ]
[458 0 465 -25 -86 -466 -260 738 188 475 -515 -249 191 -136 -204 -409 -449 19 158 11 -234 190 34 0 332 616 72 179 -4 0 ]
[-56 38 -106 303 182 -591 147 -21 -420 -575 756 381 4 299 410 480 41 -128 212 261 -100 -689 460 -127 -117 -461 205 506 20 0 ]
[47 -176 76 413 193 -487 68 -66 -39 -350 791 558 242 5 -42 -110 -94 7 -210 313 -385 -46 122 -887 -256 -199 -229 -530 68 33 ]
[-533 37 -97 325 -28 661 -567 -369 -211 83 -269 172 -475 -419 -275 10 -23 -192 -98 80 -113 556 -403 1128 -346 -267 129 -163 -518 -1 ]
[-121 -249 -2 -342 -94 356 397 -828 12 171 -4 -623 674 -10 109 -41 122 47 -539 -202 909 -240 -167 -399 -383 -511 -381 -488 -195 -14 ]
[36 -959 -125 267 240 -604 205 138 48 -320 2 -240 586 83 -223 267 575 -435 46 458 297 -76 -173 242 -150 -211 266 -212 224 32 ]
[182 -265 436 -501 397 -89 -367 255 -325 -26 -341 -885 60 68 -25 184 453 122 197 357 284 -242 41 47 -131 -247 52 304 -120 19 ]
[-17 -149 150 468 170 178 -341 222 455 669 -1015 -8 -423 254 239 -153 144 447 -362 -271 -42 240 180 543 -166 42 279 -114 -204 17 ]
[238 41 521 154 -32 -183 -172 579 -323 59 754 493 -151 -575 127 -147 -141 332 -299 119 -1025 354 214 -60 422 671 504 -36 -78 126 ]
[103 494 -302 -260 -148 866 -101 -106 425 -341 -89 517 -204 102 -690 -383 -956 221 90 -418 -262 -1 107 137 164 282 -192 -234 -172 -44 ]
[641 -84 -425 -151 -97 48 -204 -88 -14 -430 -391 142 164 285 -152 689 130 307 -743 148 393 -331 -89 -443 -120 -62 -98 -90 59 -91 ]
[-102 356 -323 71 -851 269 175 -5 -223 573 550 -50 26 -372 -37 -558 -65 -33 -549 -11 -456 152 -656 -110 -199 324 -332 -617 -326 -24 ]
[-464 48 242 230 243 -25 -247 73 -46 350 751 -26 116 166 -564 -273 209 -322 -334 6 -132 -63 32 -182 -244 -530 233 94 -3 217 ]
[362 -382 918 113 306 -455 -102 312 81 -214 -26 68 349 -10 -458 48 326 -384 246 -62 -304 -586 10 117 295 73 262 355 -115 -238 ]
[-16 -108 86 -294 357 793 423 -143 -124 -191 -113 -437 310 -138 -538 263 616 174 -365 -224 285 -355 -206 -32 371 224 52 -67 -6 554 ]
[-224 -356 -694 -588 -150 -74 235 -589 -437 113 570 -230 208 -28 101 -397 -227 -258 37 -37 120 118 -250 -10 -67 -102 28 43 442 -107 ]
[172 -211 -121 -360 43 -261 40 829 180 433 -128 -714 -12 -75 -62 12 787 142 -412 103 -5 669 -198 74 -246 606 -111 -536 280 -412 ]
[-79 -89 35 -308 -551 460 -912 173 -158 237 -685 -709 5 -468 -97 117 -52 -238 -348 257 347 900 34 162 -128 -66 -117 555 -53 311 ]
[43 99 430 75 388 -324 109 710 106 37 328 -337 -436 45 -245 -30 84 240 967 -207 -218 61 139 423 -328 377 364 134 38 359 ]
[-109 -119 35 33 379 300 -82 -460 278 -315 842 705 10 -417 -113 159 62 -99 -420 273 419 197 369 300 195 -170 -234 -372 253 -154 ]
[262 -617 449 450 264 -183 -78 767 202 460 391 -533 -387 -37 88 -205 166 259 270 216 -2 -233 336 -32 13 270 160 173 -178 -222 ]
[36 -611 -306 102 237 145 501 35 -113 2 260 24 -98 207 -240 804 -433 -557 -355 146 323 -247 -228 883 -30 -473 13 198 -219 -147 ]
[108 -48 -278 -332 196 307 -398 503 -277 688 -499 -106 -90 565 127 -15 521 338 258 -338 201 45 -176 262 -180 65 254 -51 -528 154 ]
[-363 -170 -351 157 59 659 -293 -207 -500 -63 -450 -833 -399 67 282 251 413 -211 -405 18 476 -137 201 88 42 -267 -469 -263 299 -331 ]
[908 -239 103 482 -1 -469 678 199 -101 21 155 82 217 133 214 48 -292 -63 -87 -212 -295 -362 -141 103 675 -97 -15 314 65 -555 ]
[-512 -531 155 788 35 45 675 101 -218 -238 247 308 -96 -283 -53 98 798 515 757 194 144 -73 -571 -548 145 -110 2 -218 325 26 ]
[-64 190 -487 146 -113 -454 -86 110 -76 376 -382 -341 -298 309 204 -93 -394 -259 294 152 567 -422 780 -231 389 -352 -171 -62 -445 214 ]
[-586 -17 184 -653 192 600 -806 -96 165 -621 103 69 481 -617 -104 249 -139 131 171 307 -218 20 57 334 373 30 -362 -171 254 -235 ]
]
