[[426 -299 9 283 26 875 452 -306 -68 69 249 60 -481 74 -31 214 259 666 -271 -298 225 58 272 -289 204 610 170 229 84 -12 ]
[183 332 -231 181 -135 -622 556 291 396 626 -943 -52 20 124 133 198 -8 183 324 -263 -96 -322 -190 181 -147 -160 -385 -254 -262 0 ]
[53 135 297 -258 -324 -359 -325 -135 -396 -109 609 196 -188 -251 77 -47 -401 -657 210 -369 -323 -549 626 -229 -304 395 -77 -80 -87 -3 ]
[262 226 -53 220 -85 -325 41 463 435 550 250 446 -19 75 185 678 -192 -485 707 -383 -67 248 51 -516 -541 244 -470 84 28 6 ]
[657 -82 -212 581 51 172 647 158 8 26 2 -569 -98 -257 -315 -307 -24 786 -666 564 421 33 83 406 -81 296 -349 16 -391 -12 ]
[145 745 -351 -81 -221 -233 614 446 276 433 -86 -237 535 -444 -504 221 120 299 -1 271 -74 612 -556 227 255 -104 -353 -158 -578 31 ]
[415 313 -503 -111 -614 79 464 -265 -790 322 161 369 -386 -278 90 -583 222 808 53 -248 -271 -507 66 -261 198 584 -87 1 -397 11 ]
[-227 -317 504 351 128 355 385 -807 -308 -373 324 -2 379 -5 -47 -44 -504 -431 -484 -327 45 -160 365 -340 -307 607 263 22 176 -1 ]
[69 267 147 -686 -455 -451 -138 -170 -361 554 -161 -2 -174 -302 -242 223 -163 136 -96 -106 -53 -651 -50 327 364 -341 -203 -167 550 -99 ]
[267 425 124 -554 -305 -402 272 371 16 -316 -99 126 120 -932 -314 441 -498 -213 -319 -204 115 -615 434 145 394 -141 -122 -228 147 -106 ]
[-58 65 -107 -512 -597 -129 -119 -66 94 -24 -393 -35 609 -99 -264 -306 -365 -285 -423 370 -173 -255 176 594 -131 277 93 69 218 -73 ]
[325 -221 -57 322 396 811 -491 -227 -132 42 403 -585 38 -252 -197 -352 -239 -87 -124 162 -17 -97 455 649 -146 787 226 -100 -177 47 ]
[-60 -220 -627 66 -38 -593 -221 -28 -149 136 94 -32 291 -393 878 -546 -265 -447 278 87 -327 -271 89 387 -215 338 -103 -210 -557 -58 ]
[64 18 -108 -217 96 623 -527 -520 172 509 338 -113 -260 105 -40 592 96 -656 420 53 -504 186 413 165 438 -116 88 173 618 -143 ]
[-516 -416 -19 0 167 -507 -508 -36 -268 131 -320 260 -174 442 306 312 919 430 257 178 163 160 -592 -62 -211 -292 -246 45 228 371 ]
[-322 -13 391 -1035 172 -115 -240 -387 -391 -84 -33 -618 -241 -311 -291 235 401 -25 290 162 -628 -17 -266 268 275 -122 328 -395 295 210 ]
[10 202 -207 642 -67 -379 62 145 62 327 -432 354 482 308 -26 -146 12 514 167 -80 390 132 -65 -712 -193 451 -687 349 -68 -137 ]
[-525 -362 586 -267 366 -426 -452 -433 -8 -365 429 -43 -119 314 -125 -438 -254 -636 188 -421 132 -334 -213 231 227 -90 128 -213 372 -286 ]
[-336 -260 18 -71 -491 -176 -675 -254 -38 -468 269 706 -174 400 -72 -448 201 -46 144 -502 -521 -43 332 45 -383 -187 -20 166 45 164 ]
[-42 170 6 -204 -4 164 225 -245 177 20 334 96 -184 196 316 1043 277 -579 -589 -331 207 134 151 -342 -69 61 -227 257 -475 485 ]
[-121 -101 -608 -407 -37 218 -162 2 273 -350 345 -331 77 -130 -72 -618 -72 -232 -456 331 -947 10 -315 231 -50 -218 336 -228 -449 -128 ]
[-523 -286 126 50 348 837 -313 -186 208 -128 -155 230 248 226 136 122 -483 419 -236 -144 380 396 437 -268 -409 537 -247 374 65 237 ]
[415 -247 287 190 6 -818 397 102 -80 -86 5 -231 -136 -53 39 240 -70 -200 333 -27 -251 -223 533 54 -315 -603 259 151 -487 277 ]
[-13 -481 -206 382 129 354 -93 -464 164 424 -197 -8 -515 1 -53 -753 82 296 158 -471 79 -477 -130 37 237 -58 -40 -396 -585 78 ]
[502 275 -203 63 -506 31 125 661 -277 183 311 -1 32 -55 -202 103 -37 434 311 27 -131 305 -458 50 -103 831 -310 -59 589 380 ]
[106 -22 -493 94 1 -111 -165 11 240 -681 731 -229 225 259 154 -244 367 -102 -59 1078 35 193 -492 100 -108 220 145 142 -316 418 ]
[-781 -384 104 -308 -267 -147 -495 54 364 -511 680 -93 299 612 -367 700 335 -121 342 -214 -199 651 -352 112 302 -395 225 -152 -229 -170 ]
[-129 -61 -492 -597 -632 -56 -651 29 -146 -273 170 -247 112 -376 -411 -742 313 61 -444 -231 1 -275 631 -40 -23 -30 16 333 -304 72 ]
[-225 618 155 -494 38 -431 160 -215 292 717 -810 241 215 304 -137 193 -744 -585 215 -429 -695 293 500 3 -219 65 103 -304 211 104 ]
[16 74 225 -398 882 623 -300 91 260 -582 -28 284 -285 7 -29 376 358 -385 310 -48 309 -191 264 -146 205 -373 59 -884 -60 389 ]
]
