[[266 562 653 -129 253 -401 64 217 -385 180 -227 49 380 -67 292 296 -255 25 -105 242 341 -618 -32 28 -276 -141 -48 -338 606 8 ]
[-116 -205 195 -417 -315 657 -182 -82 -269 383 -663 217 172 359 54 280 -273 144 -279 819 -14 -496 -212 450 128 -293 26 -385 362 8 ]
[182 -341 -275 123 -155 -14 266 116 -458 -56 94 -687 120 -706 217 -626 -3 -401 -171 -365 -116 572 121 -217 89 -59 -219 809 -534 -8 ]
[-74 103 189 -359 193 -436 -98 -26 756 -301 347 417 83 -291 -164 -542 -301 -652 -195 -96 -421 -40 584 -161 108 365 -599 556 -228 -17 ]
[161 -157 16 -25 24 -286 880 407 -607 -84 231 -453 254 -814 264 -609 283 176 -44 18 420 -39 -122 -128 -440 217 836 -410 331 5 ]
[397 94 -86 639 463 30 -258 -154 -872 68 -377 -627 -206 56 9 26 454 -704 -322 -594 658 -62 -28 -198 6 59 121 303 -92 9 ]
[-84 289 75 -434 329 -81 -126 633 146 -224 156 -363 -26 313 177 68 -245 628 131 90 -234 -307 -460 586 -362 477 -151 -465 232 -5 ]
[187 -291 717 97 290 147 197 113 -223 363 154 410 414 -149 -257 584 -134 241 294 718 -455 218 201 -27 363 -92 -298 585 -254 -3 ]
[138 641 -16 -336 -238 -821 477 -186 714 -232 481 -139 233 -318 -286 141 51 256 71 -191 425 -535 248 213 -546 -645 596 -361 330 0 ]
[64 -300 12 -183 867 -14 332 -24 135 -213 540 -256 268 329 46 160 532 -593 213 -17 165 -439 334 17 -286 154 547 225 95 58 ]
[-95 30 -355 -671 -305 328 458 -433 719 -203 562 -254 -468 324 -328 -335 117 211 53 270 -159 -359 -101 331 -610 -37 -400 -744 235 -5 ]
[-62 -130 -247 93 140 178 -14 -42 255 -46 293 333 -50 352 -599 106 -114 -466 418 -250 710 -164 160 78 120 -233 1082 -458 -500 84 ]
[121 -410 82 86 -766 -379 739 408 -484 -45 230 -358 -145 -592 276 -101 -140 168 98 371 336 -41 -114 -535 -116 -595 176 -390 -533 34 ]
[-518 -9 -329 666 559 193 475 -205 266 -271 492 -429 190 -57 -262 489 242 624 360 -290 -323 630 32 -379 355 163 451 319 113 -11 ]
[-557 542 289 412 -8 -186 -258 -248 -301 210 201 -8 171 -20 -485 -148 -32 232 184 141 550 -210 -346 -60 88 160 921 -938 376 -43 ]
[354 82 -815 -295 -383 220 -574 535 -562 -361 -668 -31 133 285 789 366 -47 144 -110 136 -55 13 -572 138 201 -23 -432 -44 458 -9 ]
[648 77 351 401 675 -127 -283 271 -311 237 -187 -329 160 186 653 97 -62 -320 -43 -672 94 -218 599 689 -1 198 -209 413 24 285 ]
[-597 -31 633 667 54 32 -124 -566 111 -233 -64 424 -477 224 -438 76 362 196 58 -231 187 552 -129 -562 155 396 -495 453 -450 80 ]
[398 302 193 199 -138 -400 48 503 407 -33 35 347 -31 -298 -314 372 -470 -39 379 -102 -393 210 881 -251 -32 -286 200 405 -937 -135 ]
[8 -38 189 256 542 -85 -461 109 555 339 725 337 -197 180 130 118 -201 -385 355 -186 -313 -540 65 106 -210 248 -676 129 -608 216 ]
[-189 483 78 838 -71 -130 -573 -288 49 239 -54 299 33 534 -393 -94 -33 195 8 -385 691 358 -1 -624 681 250 493 -110 -186 -164 ]
[496 104 698 -656 926 138 575 -197 -178 -66 137 -136 302 142 -40 -203 -52 -122 -133 -158 -119 -643 681 202 -307 -41 64 95 83 -235 ]
[199 395 165 83 159 59 -265 -431 877 -119 -78 45 79 80 -340 -213 -616 -28 -98 126 187 288 423 127 79 130 -387 -304 234 -248 ]
[433 294 622 135 457 -248 -135 -235 -179 383 -516 250 -226 268 -317 -71 99 178 520 -410 595 -159 -190 -249 -244 615 195 -567 397 -367 ]
[-94 -115 -773 -255 -587 144 64 299 -508 14 -176 -395 -384 -11 -131 140 77 157 -551 291 410 355 -240 119 281 -18 523 -107 -526 -413 ]
[27 -398 -88 -373 -56 322 -251 305 398 -97 42 178 291 -78 379 -479 54 -99 69 -590 -65 1085 -55 -282 -394 -208 -833 378 106 24 ]
[-474 334 -266 96 168 101 -131 -481 840 -344 -278 -109 -325 24 493 -83 18 -168 253 -326 145 422 -110 -613 320 307 -246 359 -304 50 ]
[89 64 -287 588 -38 139 -73 -399 251 -211 82 335 -850 -25 3 -232 -315 -649 443 -593 -71 -101 -53 -509 -179 82 -244 -152 174 -368 ]
[447 196 -103 33 356 -330 512 783 -209 354 24 -384 49 -362 155 -277 -253 -181 506 312 -140 -408 207 313 -143 -6 -527 451 -348 135 ]
[-141 -456 267 -198 62 84 501 179 904 51 -298 54 679 -95 -285 -232 -632 -5 34 89 -693 9 -69 1093 334 246 23 -204 47 -50 ]
]
