[[-436 -140 6 270 -43 138 -187 -381 602 146 -132 397 -72 147 -503 -280 237 353 128 362 -165 -240 -351 23 560 -148 -384 -417 713 -80 ]
[-466 57 281 406 249 -104 -403 -374 346 -192 -813 271 -636 22 83 -35 565 -615 -293 381 113 105 5 112 64 46 193 -171 153 -147 ]
[228 195 -42 -128 -434 -44 659 185 -861 -14 99 -358 -595 -204 -429 229 -670 257 39 -18 299 -509 -220 147 -115 -43 -54 286 2 0 ]
[148 815 -197 137 139 423 -227 -79 -328 -276 -492 -529 -522 242 185 91 -335 -244 410 93 708 -249 -53 55 47 -41 541 243 -459 -66 ]
[218 -271 439 -286 -115 331 464 -167 -130 86 954 -236 590 -303 529 177 30 188 -252 -121 -179 489 380 76 204 -372 15 -540 -812 154 ]
[66 353 -638 577 41 -105 -109 224 667 -95 752 -144 403 221 52 -534 -114 80 -41 -219 -449 307 -195 173 61 888 -157 345 216 85 ]
[-276 156 -437 414 -67 646 -545 -121 184 146 598 507 412 329 -155 -444 -786 4 553 36 -188 -102 84 94 529 816 23 -23 711 63 ]
[434 156 178 -522 -301 -477 160 30 -129 210 -633 -386 199 570 182 9 -318 89 5 356 467 -610 1 154 -33 -30 287 102 -718 26 ]
[-363 -188 -72 -575 568 488 -665 349 -483 39 -441 -35 -174 -130 -258 390 346 -864 213 -86 -32 338 362 -341 -335 385 -86 32 -156 -62 ]
[95 -185 -68 -594 202 -413 -254 240 -162 -312 -139 111 301 303 14 -173 635 -23 -641 49 138 65 364 527 -207 11 -305 -193 -786 -48 ]
[405 -83 -94 664 247 -619 180 16 112 237 419 -552 -616 -754 365 -224 127 -144 -208 -209 123 678 -207 -155 -192 -266 161 545 1 7 ]
[-22 -572 42 -281 -265 75 426 -301 -862 121 -5 311 128 -410 -203 -141 -28 267 -277 185 692 23 171 -65 53 -53 -32 27 -718 -85 ]
[-203 30 -393 61 -466 294 369 9 22 210 60 -31 -258 230 -715 -408 -609 189 -88 500 -593 -631 -638 -297 277 652 40 105 -360 261 ]
[-144 182 -407 301 292 -559 -110 -352 442 124 -445 50 18 -174 379 -345 360 -537 -146 56 520 -36 -468 -259 -70 -100 -253 203 752 -269 ]
[178 627 -74 269 -279 -200 418 -108 424 -169 528 -442 -188 -82 -187 -120 76 372 335 -286 -496 174 -101 -80 -391 -383 430 690 47 247 ]
[288 -211 350 -192 129 491 -123 104 -1033 -242 501 10 121 -112 29 354 -364 294 587 -121 1105 -205 47 334 300 -126 229 171 -574 302 ]
[209 33 4 -456 -90 434 40 -453 78 302 -273 -317 130 -304 525 -34 491 -231 -237 86 367 -91 172 -246 -365 39 29 -156 -711 -569 ]
[460 -30 -368 -19 -93 379 -7 195 536 -383 388 -258 542 -337 630 30 731 43 195 90 250 241 -403 -171 225 -314 -2 -95 109 -265 ]
[-224 124 -133 -229 -8 -262 -889 58 -228 -511 -224 39 202 243 441 431 416 -325 412 -86 447 294 311 -217 -508 613 -75 580 -352 16 ]
[-377 737 -447 285 -63 -723 95 -81 280 331 -385 -450 -891 181 137 -37 -101 -166 186 592 122 2 163 -102 32 419 508 284 -111 334 ]
[-102 -647 392 -596 -662 270 -86 -420 -431 514 211 174 -378 -596 -212 313 -176 -216 301 481 -302 77 -341 217 -5 -486 -603 159 394 -53 ]
[266 368 -274 224 -246 32 330 547 -335 -338 -123 -573 -26 306 253 -155 181 -292 -239 -328 -136 -307 -576 201 38 -198 311 357 447 256 ]
[204 -540 152 200 -17 6 -530 24 -331 283 -155 168 996 275 -101 -182 -145 273 174 -455 -97 -133 830 288 -103 -382 61 -441 21 22 ]
[162 -69 104 284 -237 104 250 130 24 873 -91 222 85 671 -394 182 -448 399 304 289 -61 -356 -249 379 211 -556 240 -454 224 327 ]
[-6 -142 -381 156 59 18 -272 -161 429 -8 355 -432 -384 384 409 -164 193 231 19 573 276 490 266 600 -73 354 -87 -278 -322 -432 ]
[173 -514 331 63 -526 88 113 -187 133 279 160 -755 -177 604 -564 283 -173 361 452 -117 526 -282 -333 276 657 -572 -290 -449 343 162 ]
[-189 -361 207 340 181 184 454 -469 -722 -341 278 472 -133 88 88 528 92 296 -11 -402 -147 -92 225 423 200 -228 -513 -397 629 -72 ]
[-167 170 -4 -249 -164 -520 -191 -256 271 179 -932 287 -132 301 -262 525 -309 -30 -344 -200 -451 44 -377 -344 -128 96 139 372 -603 -363 ]
[320 515 -117 19 -76 15 -12 126 460 -52 35 -217 -131 276 -151 -211 184 465 232 -197 -278 147 -369 -240 -53 477 380 -71 -38 701 ]
[-725 -198 -144 -119 503 275 18 -195 520 -445 41 134 141 -228 -386 488 499 -364 -414 129 268 361 140 -158 366 -88 -217 40 512 10 ]
]
