[[-106 -563 12 406 -77 -272 54 -593 -184 9 -154 314 253 -247 -514 215 22 -39 -28 -283 16 55 165 382 288 23 239 203 208 25 ]
[410 -4 -50 -406 -213 196 -118 -51 42 -37 -791 113 -24 -504 -273 -7 -442 646 -211 -224 -465 -326 -32 -118 -99 132 228 223 -20 4 ]
[-164 -98 424 468 126 -387 242 31 -191 -39 71 652 302 394 -401 -336 202 -696 -89 5 3 788 213 95 82 62 -78 592 -350 69 ]
[17 -144 -14 323 -164 155 -118 -242 -209 127 376 -170 401 -619 -538 358 -58 -252 -334 167 776 -284 -42 127 -241 -389 -108 -396 283 0 ]
[5 312 -128 43 -189 462 514 508 85 437 -348 -273 -176 -402 57 289 -310 -226 -424 335 290 48 344 -44 -24 -148 -387 327 -32 -348 ]
[-202 156 -282 331 67 -392 -780 31 366 -45 464 -17 -194 172 -122 -334 508 -34 188 -44 -264 385 159 -59 -161 -146 221 224 374 230 ]
[-577 201 -668 33 243 32 -62 186 356 532 20 119 -6 -302 175 683 -89 295 52 -300 -314 -33 -211 116 319 -157 269 288 269 25 ]
[427 -346 178 -84 -348 -69 15 513 170 229 -484 -163 -538 -342 -58 368 110 -196 -286 -28 -235 326 199 -118 -384 356 -282 -107 -331 -314 ]
[116 -180 93 -444 124 -38 124 478 -275 -55 -214 126 -33 -643 -329 309 -137 -109 640 -380 -412 -316 -452 264 -38 -82 369 -81 -146 70 ]
[-241 -200 292 465 -364 528 533 123 -405 -115 -346 -134 54 -517 -109 543 -264 575 -66 -384 387 -442 445 167 131 -403 185 -64 221 -57 ]
[57 -647 607 569 327 -710 -309 235 -179 -93 413 -297 -323 328 -57 -67 125 175 319 -104 -181 147 130 113 242 104 984 -53 80 203 ]
[-63 303 -246 135 -269 333 344 329 -48 312 -591 78 477 -227 84 428 -235 -19 359 -347 746 80 208 -373 -274 -366 -446 -257 -315 -52 ]
[353 -115 -394 611 -297 75 242 71 58 -61 -586 -5 -287 371 136 264 -74 -189 -185 -166 17 -257 -288 -223 540 76 -68 -55 81 -139 ]
[-63 307 318 -484 324 257 72 -225 -272 -105 448 -484 194 271 732 446 -267 -4 732 -275 -74 -418 403 -209 312 -489 304 -314 -328 39 ]
[-550 -122 -19 292 -61 86 280 82 171 -40 -350 985 338 352 -240 136 -21 624 101 410 -82 181 704 374 -61 229 78 654 24 25 ]
[-98 -478 -274 478 -678 -864 270 98 197 -238 -593 87 -34 280 128 64 551 -16 -218 -535 138 686 222 -133 384 -313 -410 -174 -29 1 ]
[45 244 -86 223 -388 339 -111 69 -54 -177 -314 335 -94 -342 -545 -987 149 -800 -17 -225 758 456 65 156 218 235 -109 439 659 71 ]
[24 -79 324 -41 812 261 -57 46 -228 -101 -379 190 333 667 75 356 -63 28 331 -561 -24 -27 -64 96 685 97 491 -274 156 284 ]
[-194 67 402 -313 533 -392 -433 113 521 -174 158 -183 67 -386 102 389 -12 -572 11 268 -246 -18 -4 579 84 -91 507 87 390 319 ]
[7 -236 136 -438 149 374 755 172 -349 736 -192 271 -246 -142 414 -428 168 339 18 13 -281 -203 0 539 37 418 312 716 27 -184 ]
[-29 -611 32 -66 527 -114 -317 -299 391 -60 332 -77 -414 113 380 331 441 433 -35 243 -230 120 -152 17 -675 533 458 213 671 130 ]
[73 71 -224 349 344 -23 -267 -412 235 -177 85 526 95 210 119 -159 -185 214 20 -60 354 -84 -521 656 -186 207 -182 -147 -318 238 ]
[102 299 -570 -435 -152 -125 -612 -657 86 -209 -489 -638 9 199 47 -384 -218 540 176 -536 63 -126 522 541 -21 -55 330 -112 442 -7 ]
[180 -90 250 326 -546 -160 -214 127 -14 -299 -195 174 -18 -224 -464 22 -541 19 -142 203 -385 233 316 -60 -536 735 353 252 578 97 ]
[-52 520 459 30 -346 -92 -611 183 14 -573 379 -503 85 135 96 135 42 -63 138 265 673 -624 -219 63 -157 -218 -395 -511 150 -163 ]
[-241 -105 228 581 -145 23 615 165 36 -160 17 242 1171 -125 -49 240 98 -403 -22 375 478 635 491 -233 128 -147 -6 -12 -198 148 ]
[334 361 128 246 -127 146 338 190 571 -195 200 -83 -45 346 -76 -191 534 -589 -402 560 14 231 6 -247 228 -52 -464 185 510 -464 ]
[452 -46 21 584 175 -242 -211 -327 -160 91 -282 -403 -438 325 799 127 554 -107 506 171 -74 325 -214 -341 148 229 -282 -446 309 -141 ]
[193 -169 13 -443 36 -19 102 -265 205 268 242 -396 -149 28 737 269 -241 48 -192 444 -27 418 -424 385 503 113 132 -208 -207 416 ]
[-22 405 332 -227 124 -464 329 -146 -201 -609 -373 494 -550 -310 -166 -353 29 -2 -136 -403 -419 -60 -182 -67 866 165 99 198 -458 205 ]
]
